A 5
1 1.5 4.0 0 0.5 1.5 1 2.5 1.5 0 1.5 4.0 1 3.0 0.0

B 8
0 3.0 0.0 1 0.0 0.0 1 0.0 4.0 1 2.0 4.0 1 2.0 2.0 0 0.0 2.0 1 3.0 2.0 1 3.0 0.0

C 4 
1 0.0 4.0 1 3.0 4.0 0 3.0 0.0 1 0.0 0.0

D 6
0 3.0 0.0 1 0.0 0.0 1 0.0 4.0 1 1.75 4.0 1 3.5 2.75 1 3.5 0.0

E 6 
1 0.0 4.0 1 3.0 4.0 0 3.0 2.0 1 0.0 2.0 0 0.0 0.0 1 3.0 0.0

F 5
1 0.0 4.0 1 3.0 4.0 0 3.0 2.0 1 0.0 2.0 0 0.0 0.0

G 8
0 3.0 0.0 1 0.0 0.0 1 0.0 4.0 1 3.0 4.0 0 3.0 2.0 1 2.0 2.0 0 3.0 2.0 1 3.0 0.0

H 5
1 0.0 4.0 0 0.0 2.0 1 3.0 2.0 0 3.0 4.0 1 3.0 0.0

I 3
0 1.5 0.0 1 1.5 4.0 0 1.5 0.0

J 4
1 0.0 1.0 0 0.0 0.0 1 2.5 0.0 1 2.5 4.0 

K 5
1 0.0 4.0 0 0.0 1.5 1 3.0 4.0 0 1.25 2.0 1 3.0 0.0

L 3
1 0.0 4.0 0 0.0 0.0 1 3.0 0.0

M 4
1 0.0 4.0 1 2.0 0.0 1 3.0 4.0 1 3.0 0.0

N 4
1 0.0 4.0 1 3.0 0.0 1 3.0 4.0 0 3.0 0.0

O 4
1 0.0 4.0 1 3.0 4.0 1 3.0 0.0 1 0.0 0.0

P 5
1 0.0 4.0 1 3.0 4.0 1 3.0 2.0 1 0.0 2.0 0 0.0 0.0 

Q 7
0 0.0 0.5 1 0.0 4.0 1 3.0 4.0 1 3.0 0.5 1 0.0 0.5 0 2.0 1.5 1 3.0 0.0 

R 5
1 0.0 4.0 1 3.0 4.0 1 3.0 2.0 1 0.0 2.0 1 3.0 0.25 

S 6
1 3.0 0.0 1 3.0 2.0 1 0.0 2.0 1 0.0 4.0 1 3.0 4.0 0 3.0 0.0

T 4
0 0.0 4.0 1 3.0 4.0 0 1.5 4.0 1 1.5 0.0

U 5
0 0.0 4.0 1 0.0 0.0 1 3.0 0.0 1 3.0 4.0 0 3.0 0.0

V 4
0 0.0 4.0 1 1.5 0.0 1 3.0 4.0 0 3.0 0.0
 
W 6
0 0.0 4.0 1 0.5 0.0 1 1.5 1.5 1 2.5 0.0 1 3.0 4.0 0 3.0 0.0

X 4 
1 3.0 4.0 0 0.0 4.0 1 3.0 0.0

Y 9
0 1.5 0.0 1 1.5 2.5 0 0.0 2.0 0 0.0 4.0 1 1.5 2.0 0 1.5 2.0 1 1.5 2.0 1 3.0 4.0 0 3.0 0.0

Z 4
0 0.0 4.0 1 3.0 4.0 1 0.0 0.0 1 3.0 0.0 

* 5
1 1.5 4.0 1 3.0 0.0 1 -1.0 1.5 1 3.0 1.5 1 0.0 0.0

/ 1
0 -2.0 0.0

o 0